,doc_1.txt,doc_13.txt,doc_14.txt,doc_15.txt,doc_16.txt,doc_17.txt,doc_18.txt,doc_19.txt,doc_2.txt,doc_20.txt,doc_21.txt,doc_22.txt,doc_23.txt,doc_24.txt,doc_25.txt,doc_26.txt,doc_27.txt,doc_28.txt,doc_29.txt,doc_3.txt,doc_30.txt,doc_31.txt,doc_32.txt,doc_33.txt,doc_34.txt,doc_35.txt,doc_36.txt,doc_37.txt,doc_38.txt,doc_39.txt,doc_4.txt,doc_40.txt,doc_41.txt,doc_42.txt,doc_43.txt,doc_45.txt,doc_46.txt,doc_47.txt,doc_5.txt,doc_52.txt,doc_54.txt,doc_57.txt,doc_59.txt,doc_6.txt,doc_60.txt,doc_61.txt,doc_62.txt,doc_64.txt,doc_65.txt,doc_67.txt,doc_68.txt,doc_69.txt,doc_7.txt,doc_70.txt,doc_71.txt,doc_72.txt,doc_8.txt,doc_9.txt
doc_1.txt,1.0,0.011594773569124297,0.03501951782554109,0.05451272195682323,0.0037900694101708206,0.03172167495889174,0.04964116175270252,0.03980094330928923,0.06510935971890998,0.01360222953129134,0.03377393146600329,0.04053063135303554,0.06324096651367903,0.025991322464507846,0.030076522587178873,0.06441870371848005,0.019396035900333494,0.012448851794965589,0.004520700130241258,0.14488295289230818,0.03445997128724807,0.01485725539383479,0.034196017962267,0.023489848933068807,0.03818555120015406,0.02536721301313904,0.044519535493398,0.015291581245034673,0.05174698695151799,0.025174518305152768,0.024214715356287567,0.038010856140619574,0.014051000835459179,0.06661683391061457,0.02101715199141547,0.046760354243545646,0.011670567659424301,0.025105727924803638,0.013948603132659713,0.03215243720661622,0.029680906247192756,0.005906515875341548,0.09353156965856112,0.037378001562317395,0.005828824951814864,0.021625866947624646,0.00944635023062479,0.06794922253689427,0.00972324721971185,0.020842388768180713,0.011842098922719953,0.03308947564258333,0.04751192454264417,0.03580885154196548,0.036559567369094395,0.03772687184675923,0.05156797092368392,0.01703208805675167
doc_13.txt,0.011594773569124297,0.9999999999999997,0.07334287447949166,0.030541698814726355,0.167189152829878,0.024774259670747267,0.01251776709793129,0.013499019770338062,0.060578503272857895,0.11008656960987966,0.0105327844756702,0.03433551896949985,0.021910565646485955,0.018662770656968086,0.0033861168627433197,0.08516206554243182,0.06458665895951209,0.011996899415166554,0.021735582366306086,0.005743285013552154,0.02036797108031895,0.01560237862255587,0.004475583561711944,0.022348640226407642,0.01841400802324923,0.0137882172169588,0.01008970993751288,0.002546376431849491,0.02074740555325581,0.018344517895010775,0.09245183008438893,0.012863237755101821,0.00547169276719477,0.020381654906450095,0.0217535130240606,0.005004992334691436,0.016834296712155795,0.028750366941744702,0.037236719664209744,0.014989359576223587,0.02409491990679538,0.04131901829873987,0.01937300305441876,0.012561591284822411,0.009745681405587032,0.0254543707576922,0.026921123176650488,0.03817179153871001,0.016316523182206537,0.002497029657961735,0.01823052264892932,0.022096976291703437,0.09193767242847423,0.01040316719023305,0.009193006924981206,0.01523071108059308,0.07412677194775363,0.13930367125575613
doc_14.txt,0.03501951782554109,0.07334287447949166,0.9999999999999999,0.10258924824408892,0.20473989000124132,0.16111971340316542,0.11336928000839061,0.04512898016466319,0.017675691080736466,0.09382225014411648,0.030352787162902593,0.2936290367270067,0.11581041808191618,0.07429741275321805,0.06945584034623689,0.16178514165435734,0.02473509926966143,0.06256845672866841,0.08988890904411806,0.004945822975580946,0.049935372974524495,0.042681561330103424,0.04732115292084681,0.051375856629063014,0.0277174297857093,0.024609903820274042,0.0891814478129965,0.016782805415863234,0.025210660403140815,0.018671660367523633,0.06967831746315467,0.07294674718435001,0.06524695025159113,0.10781173891121333,0.03481021873074574,0.11495915833809259,0.01916392255365265,0.07089763627614763,0.0807358205314081,0.026023642053992015,0.03620092760341099,0.006025928441623542,0.04074872741546956,0.07456942504548365,0.022691860594458196,0.08200753666147004,0.07023780037937966,0.057539341365131724,0.10764395795802549,0.07128185033351074,0.03366293773839878,0.07012416932954907,0.14873753314038626,0.025242842810247065,0.028721149754735782,0.09646888074453196,0.21661843350948512,0.14503640361486098
doc_15.txt,0.05451272195682323,0.030541698814726355,0.10258924824408892,1.0,0.03066237554973615,0.17965551177321934,0.0798899266595931,0.09085044355617382,0.17388318368982414,0.042161798198870844,0.12201471866896599,0.06046744910748635,0.24374951467335298,0.047108159334486324,0.06480075186953757,0.1269076088194706,0.026648244123035198,0.01314784436118435,0.04230982505193378,0.07497491970533374,0.04781044950634074,0.01700130983545949,0.016640004705868964,0.030556261332728596,0.031090381381684247,0.01795570395405458,0.03373233461777627,0.02195778980190698,0.03262179965696776,0.013220938795686801,0.06983825030626636,0.031871810922748434,0.019607216600777105,0.05954063472630865,0.024973724807166406,0.056300798984143065,0.009171256289293245,0.03587207972327938,0.03982358553528177,0.006193677676772305,0.018625796493549552,0.0040942097982817555,0.01598830048069302,0.03585329397723116,0.006780269321286765,0.02835510167421995,0.03448922814381104,0.03046061638251838,0.02059596316923609,0.05435114963041342,0.014263940814045568,0.037437216338640236,0.13623792399742826,0.021428516442165514,0.014819677657418913,0.06812772289121423,0.11314571738189161,0.06635240603676114
doc_16.txt,0.0037900694101708206,0.167189152829878,0.20473989000124132,0.03066237554973615,1.0000000000000002,0.058410151258675394,0.034101309235758354,0.044624888710920074,0.009809744708792272,0.24828291347587866,0.03481914561497959,0.08918176817779094,0.04997243852247448,0.11853327194761092,0.038860864071675466,0.05559825570999808,0.012623869163589494,0.00938509283970374,0.05654845734377137,0.11902630662825561,0.014298749448211603,0.020374317035920353,0.01417570086923902,0.02287043663070786,0.03292999673655629,0.02432055695142446,0.011469446240440596,0.005130228671052126,0.011837693794521487,0.017620623266472984,0.17291041390116635,0.030377997777715136,0.01078183650849938,0.018705686711597124,0.01044828748023888,0.006194777069218718,0.002107793652127538,0.04629193563442241,0.1365729349987914,0.023087548884262562,0.03252759802680621,0.004205002066897128,0.018701218714566314,0.05670147832393708,0.02127995990788585,0.039774628264194783,0.011794098656232124,0.0787435654522985,0.012519180823032784,0.015140261572851095,0.012843097858634706,0.04676425401855068,0.1745582079900868,0.009346594309516417,0.011599117391538575,0.038473137290684814,0.17024784480756647,0.28666136100653405
doc_17.txt,0.03172167495889174,0.024774259670747267,0.16111971340316542,0.17965551177321934,0.058410151258675394,1.0,0.14880608015294877,0.04226062782890771,0.03973138461053425,0.029479803735367634,0.05518652097853608,0.1438178985313974,0.11385928863933395,0.11351977681705275,0.11952402947816558,0.19301400397109175,0.031551696304723466,0.018929350350178006,0.1252245604674946,0.04139732938126655,0.04892226061617383,0.07082340004032538,0.03024553840712368,0.05724598044724168,0.07141341150789784,0.024118232089269005,0.04284673270019311,0.016325040475930967,0.04629885752452186,0.012735020377237536,0.03774497678971116,0.08583858739451837,0.052241955063016654,0.11335734651280086,0.0660740990458783,0.12213497595243689,0.013045224039572048,0.11959246823011252,0.06917438314794534,0.01403309219827688,0.04577172491290162,0.01725253935670183,0.03386609809471727,0.08881943112860004,0.04125350857079115,0.06768186756582541,0.013335466367131572,0.03897867773587426,0.03628919450893004,0.08602549951199068,0.02340678609846925,0.06371205619210876,0.08757034936880649,0.020687276062939942,0.0331974121579008,0.10506869748775904,0.11843074683735083,0.05612477852344076
doc_18.txt,0.04964116175270252,0.01251776709793129,0.11336928000839061,0.0798899266595931,0.034101309235758354,0.14880608015294877,1.0,0.042249222603612205,0.02753908764848116,0.026850914199898036,0.04015871153083915,0.11090325762148996,0.08004308470094074,0.05556159279811107,0.09469937601950816,0.14729762538255142,0.02427839255304559,0.014658686908666462,0.03575085546178225,0.02780008301226284,0.050075813908885006,0.04797630855177527,0.034264381551062574,0.043613582085684416,0.03510546731179207,0.033841429230951965,0.016434273834784886,0.021330104782826508,0.03271412637262965,0.022218261510063224,0.02928144031288662,0.09329180886849847,0.0553963504378388,0.09623533272509588,0.03286228487312679,0.12154700271435548,0.019439064358835866,0.049724573302520045,0.04769942431469193,0.039474619928361786,0.01462929070530836,0.022208608798356184,0.01733930843936201,0.11910753388347844,0.02606032332390821,0.03857490676478335,0.01794936108239831,0.039292188268797365,0.006388965454318536,0.055423396263568576,0.02356530085685061,0.040882088576736156,0.08338638702229087,0.013441840939792702,0.04155610754031128,0.0727267063139094,0.10624119693986234,0.0231615578359448
doc_19.txt,0.03980094330928923,0.013499019770338062,0.04512898016466319,0.09085044355617382,0.044624888710920074,0.04226062782890771,0.042249222603612205,0.9999999999999999,0.06820543272531507,0.0916539712520821,0.1256477648692097,0.0237420498107657,0.058090415108278684,0.034447616465577285,0.0291274738818518,0.014283059898349994,0.030090306610047177,0.00681344284326571,0.005062083453283555,0.05434994672117335,0.004842381442304002,0.009529580463512143,0.007269654419506758,0.006956188026917715,0.014053243905715123,0.0030415391224765873,0.014307240685920663,0.01994298037497865,0.0029603903852180344,0.006667416715698543,0.1133093897578522,0.00940813191086216,0.0040235130497499145,0.002933049388435517,0.0016382901989432795,0.02374504932056024,0.0026293083785434742,0.011225929682450536,0.03025887097062658,0.015671835251916368,0.004844751640213059,0.010359560957794457,0.005775475576865582,0.009444197364207959,0.005339154045990313,0.01026360697622176,0.014712219283371807,0.010136067270206117,0.023493885895596298,0.011034198894946414,0.0134879594529369,0.002805314150656415,0.10121375878713562,0.00979531321216982,0.016636273384467933,0.03429044804715045,0.012096517737732916,0.07536246371356459
doc_2.txt,0.06510935971890998,0.060578503272857895,0.017675691080736466,0.17388318368982414,0.009809744708792272,0.03973138461053425,0.02753908764848116,0.06820543272531507,1.0,0.055610405029095845,0.27633151299792486,0.021074852261434407,0.07809736918457304,0.031094176831045692,0.03787080981120548,0.05429584530125927,0.00426050826009493,0.017784352329756947,0.025837177454555528,0.3572678458628382,0.03174017138376098,0.03859374536513688,0.02422557984760154,0.022327677391194532,0.019343674781553865,0.006461198716349342,0.010191988881223538,0.025587957343181464,0.018662659349517125,0.014911203713108157,0.13684880642123937,0.014556499652611328,0.006293984451316425,0.005107835700214948,0.009020833251634565,0.018531937904470344,0.014918093781980042,0.028426343786672047,0.050268331266935015,0.01976105914420735,0.006897328355207219,0.04427694712677159,0.00411425124909781,0.023034523645842735,0.02635812249303293,0.02189741361943771,0.11348614495969712,0.04178545468241681,0.03384909850109158,0.03582753617423991,0.02701620776951402,0.010142754278844047,0.2314495965212169,0.031423316400483535,0.00812604851230497,0.16938281835452368,0.035892761098601476,0.08495418619319448
doc_20.txt,0.01360222953129134,0.11008656960987966,0.09382225014411648,0.042161798198870844,0.24828291347587866,0.029479803735367634,0.026850914199898036,0.0916539712520821,0.055610405029095845,1.0000000000000002,0.08323986101492002,0.03739640401636002,0.07163123225910148,0.017729127186929206,0.015586064749363871,0.05322612804813928,0.0032812909017905707,0.0037381179246939885,0.03682858129629215,0.02054654411916053,0.013957106845222136,0.02662703490387656,0.014270184964982632,0.021298832814676854,0.013041052749544334,0.0016687058472392273,0.007849504881927934,0.01758766618692935,0.006316900520839554,0.01403723179872943,0.3582248850849962,0.028729222339992363,0.01596633003715847,0.003933872155098917,0.01531331181470781,0.012422313686615881,0.007694383259426929,0.027929472490749948,0.09969032182039116,0.0659607553779641,0.0286253327677963,0.0056836552971992515,0.0031686489890866533,0.01569989749234949,0.009515866838106056,0.0051941566461136445,0.008071691783480333,0.005561038027362509,0.010725439491690615,0.01809836423199259,0.01801054260808529,0.027940234197697342,0.1936140762224752,0.0015836442032082327,0.011963845022418606,0.06872899358575953,0.0693057696919664,0.34624057276521414
doc_21.txt,0.03377393146600329,0.0105327844756702,0.030352787162902593,0.12201471866896599,0.03481914561497959,0.05518652097853608,0.04015871153083915,0.1256477648692097,0.27633151299792486,0.08323986101492002,1.0,0.023083541796332978,0.03576450513772851,0.00978111247260845,0.03532097601579247,0.024269191894499963,0.015977559406556853,0.01820198299941078,0.003949755976241286,0.30929459909774903,0.03037144856807828,0.018400079218395718,0.0031624647088788834,0.017523987144203276,0.027163075957842252,0.007077029474422124,0.011163409280833158,0.014890447642288654,0.01929624128529131,0.015707394544825143,0.10103402369348706,0.015369640699172644,0.006893877657842428,0.0022885496569736426,0.009880628287150995,0.006044181436258605,0.0020515518120897414,0.004255844678957751,0.023609874778540433,0.012228151810648978,0.005106829873770679,0.01619536520136215,0.004506389392012776,0.01629947530802713,0.025823104083696688,0.00800831186728617,0.011479399060593686,0.026838456840351906,0.005744712018715689,0.007168137901871694,0.005113399254363479,0.012667037513365566,0.18513240864800812,0.01657102640580892,0.008900559688196561,0.0019836099537185146,0.00458589195766375,0.15337863911816108
doc_22.txt,0.04053063135303554,0.03433551896949985,0.2936290367270067,0.06046744910748635,0.08918176817779094,0.1438178985313974,0.11090325762148996,0.0237420498107657,0.021074852261434407,0.03739640401636002,0.023083541796332978,1.0000000000000002,0.10532396927406677,0.0795658830450495,0.09631979928864434,0.20257775902534,0.03835172599757295,0.06986397203490895,0.09919651408964537,0.021274584322380937,0.0825179740320444,0.05380576781632849,0.05463284480974439,0.06721042899455072,0.07859256920443743,0.05508363423302125,0.07809199048819623,0.015983991881921625,0.07815355606932793,0.028888045764823123,0.03980206541231704,0.11658751439539111,0.10570110754064828,0.17176498354903993,0.07620203514665778,0.1046006364615728,0.037391841244931334,0.1199270987949761,0.05852294181262178,0.04212680481769311,0.12101893482215426,0.08228218470445957,0.0579729862183036,0.07794978208663621,0.013825617469749554,0.08460731199825304,0.056314740879743,0.08355677714446685,0.08772325599474354,0.14256971454398107,0.09825363519600706,0.12547739655869017,0.08814707210315223,0.03478132853708714,0.035987634404442845,0.13231566947678092,0.10852968311763264,0.04648445869230088
doc_23.txt,0.06324096651367903,0.021910565646485955,0.11581041808191618,0.24374951467335298,0.04997243852247448,0.11385928863933395,0.08004308470094074,0.058090415108278684,0.07809736918457304,0.07163123225910148,0.03576450513772851,0.10532396927406677,0.9999999999999998,0.06887233295276422,0.0830336503877926,0.16365495833108631,0.015951351808408135,0.017459224875172583,0.08502722686422742,0.0483331441671942,0.048724252452803124,0.04124323658648357,0.02156428171443168,0.06132352541722213,0.03886589387258169,0.03327265616265367,0.03708371802020875,0.011937292981366464,0.11935655150486947,0.04675603227322472,0.09333497110200056,0.08364535519072158,0.04938510650111216,0.07253518133962046,0.032783709147378534,0.09508396922676626,0.03771265426982189,0.05522187501791338,0.040584175193344986,0.022860826155142656,0.11138622749041109,0.027661748316618294,0.009562403905484244,0.04392072942993984,0.023433363128371677,0.0520789907438383,0.011342640859214059,0.03208899623798535,0.01940774734149128,0.05469832319020826,0.028983320059214182,0.0661397206216629,0.14829298604655328,0.0140301124353259,0.0450939678200204,0.10602831212989924,0.16662523583448147,0.07383532487082144
doc_24.txt,0.025991322464507846,0.018662770656968086,0.07429741275321805,0.047108159334486324,0.11853327194761092,0.11351977681705275,0.05556159279811107,0.034447616465577285,0.031094176831045692,0.017729127186929206,0.00978111247260845,0.0795658830450495,0.06887233295276422,0.9999999999999999,0.06987701912760123,0.10295922439482154,0.030397228993904526,0.016836491878545377,0.12876162422729848,0.028783166262300375,0.03518069643759995,0.06458866000550079,0.023846379646266576,0.029959975799273102,0.010456914314117594,0.005484577482198434,0.008350202815954848,0.013037000445011014,0.021831355067572,0.019115503507155532,0.02991097415645589,0.04029868465453407,0.027958134514054184,0.08119924231173706,0.01760163290558796,0.06720833199001487,0.021122474634263106,0.10455664129947675,0.037782485438274144,0.04091165441131633,0.020298991914837094,0.00488441049961744,0.006399081108554193,0.1700023308723502,0.008642565370184213,0.03587618510086162,0.034398605362463586,0.020994091199678808,0.03194978202886037,0.0690668151928806,0.05869683493832257,0.09244106887689336,0.11168894892747673,0.019453765011916434,0.026282317984650114,0.11222423324474115,0.055474413593788616,0.029091473419182234
doc_25.txt,0.030076522587178873,0.0033861168627433197,0.06945584034623689,0.06480075186953757,0.038860864071675466,0.11952402947816558,0.09469937601950816,0.0291274738818518,0.03787080981120548,0.015586064749363871,0.03532097601579247,0.09631979928864434,0.0830336503877926,0.06987701912760123,1.0000000000000002,0.1318009549489057,0.03306849834070065,0.009906887813219634,0.08082123798266627,0.02664192366160367,0.029435910700303356,0.03783473528754059,0.027893485129169785,0.027701959858848425,0.031213114630940644,0.015349448303972512,0.015267933983847348,0.015698406277534643,0.02691958742082868,0.014171089535256722,0.02259755338415132,0.07823259952914688,0.020387742592934407,0.09433857212743142,0.039365487872308674,0.1360910628340195,0.01594675767029778,0.07327590406422421,0.019931773354877478,0.013811859101285767,0.023589510787641446,0.019899732148371447,0.01117400323362197,0.09088617334861289,0.01336368279009569,0.030165287224823725,0.010351166400785872,0.03197248411691036,0.005714501728391174,0.11033067862832195,0.021028417923095448,0.03177776349783179,0.078907507892083,0.01606244771773729,0.019729641488343733,0.09836475599043822,0.07945713279269472,0.02844347100101919
doc_26.txt,0.06441870371848005,0.08516206554243182,0.16178514165435734,0.1269076088194706,0.05559825570999808,0.19301400397109175,0.14729762538255142,0.014283059898349994,0.05429584530125927,0.05322612804813928,0.024269191894499963,0.20257775902534,0.16365495833108631,0.10295922439482154,0.1318009549489057,0.9999999999999998,0.10394696658042694,0.03188283091709812,0.15827688584655225,0.017607433883102867,0.05814086839696872,0.06587656182161804,0.060811214497352974,0.05696144701074879,0.03802379198883148,0.06316159473522442,0.07399907372838889,0.0071072221485335395,0.07933710935156105,0.025517439425709013,0.07404348361093815,0.13107417508546745,0.06022530468837646,0.13263800836159725,0.06540988669462378,0.14359635804096393,0.04325256865793231,0.16349067093594405,0.1166041552517567,0.025647206250956497,0.0476409933208291,0.0342893375327978,0.024401465698513133,0.07580565759077781,0.018037664613942878,0.0727256785284297,0.024071029862634638,0.09000082496780107,0.03709226587723622,0.17439431766570943,0.031295713466528825,0.07505336940596269,0.13094915629996434,0.03870328026896532,0.052580293428599684,0.19361727031292186,0.19253018533376398,0.07121152370778598
doc_27.txt,0.019396035900333494,0.06458665895951209,0.02473509926966143,0.026648244123035198,0.012623869163589494,0.031551696304723466,0.02427839255304559,0.030090306610047177,0.00426050826009493,0.0032812909017905707,0.015977559406556853,0.03835172599757295,0.015951351808408135,0.030397228993904526,0.03306849834070065,0.10394696658042694,1.0,0.029348936189645985,0.049583130435324696,0.002544582225143018,0.020309950058937355,0.033039815986490514,0.019288631101053035,0.01875838216490873,0.014324362482202166,0.047314976459798146,0.008996251946974378,0.034856485450510635,0.007768284520560663,0.04826777718833875,0.015510129421350211,0.04303222434222876,0.036500221105919356,0.06737653773770927,0.08395101180535061,0.08907842662228106,0.024267521379997783,0.0636481701868657,0.010734468894792164,0.01590209357727019,0.030619790185170092,0.1400340208481858,0.03036054838343634,0.021760996926993244,0.01779220432694403,0.021124735967016212,0.03615474792051262,0.025940134033456613,0.049960042271463036,0.0750826978102637,0.09661140473086588,0.05082624196253107,0.01845689608386645,0.020918878344460524,0.04041753950707996,0.07206871166349788,0.03253923900474334,0.01116301215681157
doc_28.txt,0.012448851794965589,0.011996899415166554,0.06256845672866841,0.01314784436118435,0.00938509283970374,0.018929350350178006,0.014658686908666462,0.00681344284326571,0.017784352329756947,0.0037381179246939885,0.01820198299941078,0.06986397203490895,0.017459224875172583,0.016836491878545377,0.009906887813219634,0.03188283091709812,0.029348936189645985,1.0000000000000007,0.03917840864810756,0.02977340561651115,0.023707074717389746,0.018045297287057505,0.021388577389632422,0.03184668172783646,0.07350075723836338,0.07199533649350237,0.015847635884185016,0.03504654214479405,0.027996252919326982,0.17322259135804594,0.015803916181075992,0.029372628062600114,0.023212064282502918,0.02392167886439758,0.01865114098165868,0.04204416606079553,0.025691762407074246,0.050438490962454646,0.01622255065757411,0.021633129449603262,0.026921406302521034,0.03076499019537286,0.03371705173641963,0.0051925656045741665,0.043717453659619744,0.0180172226063419,0.049131967372019,0.024669068842586447,0.24945263012617117,0.020480650880383762,0.02098316203805607,0.05600421227348587,0.013765568010882953,0.010550100796289527,0.04406712597990072,0.026233767433228954,0.012226771476230008,0.017090681242361093
doc_29.txt,0.004520700130241258,0.021735582366306086,0.08988890904411806,0.04230982505193378,0.05654845734377137,0.1252245604674946,0.03575085546178225,0.005062083453283555,0.025837177454555528,0.03682858129629215,0.003949755976241286,0.09919651408964537,0.08502722686422742,0.12876162422729848,0.08082123798266627,0.15827688584655225,0.049583130435324696,0.03917840864810756,1.0,0.002153711049336858,0.032890077101858796,0.11472229178201791,0.04292859339559937,0.054300435523512956,0.03193901846338698,0.07694464280751198,0.025701820346950927,0.008985008854534701,0.018990345700282393,0.021313395732251855,0.02979131396081263,0.14043312445944636,0.043514214476315066,0.10177903407197407,0.08648474911865749,0.1806764368883173,0.03755972126616838,0.4757679732259523,0.029663962935480424,0.02308288144683693,0.016637994410958513,0.06916834340503324,0.03652905455576334,0.06424813632643671,0.025512503919274697,0.06440316309784976,0.011938204479479846,0.044044021001818735,0.04304241886776133,0.18038016900803133,0.06611149624847715,0.04859737446532494,0.058764222874167,0.020595047067983915,0.03316392760449631,0.23995695426754435,0.11158310548419649,0.02598386935928898
doc_3.txt,0.14488295289230818,0.005743285013552154,0.004945822975580946,0.07497491970533374,0.11902630662825561,0.04139732938126655,0.02780008301226284,0.05434994672117335,0.3572678458628382,0.02054654411916053,0.30929459909774903,0.021274584322380937,0.0483331441671942,0.028783166262300375,0.02664192366160367,0.017607433883102867,0.002544582225143018,0.02977340561651115,0.002153711049336858,1.0,0.03743915588873521,0.02418650523036943,0.010125379962659043,0.01474908426327361,0.02281685397508959,0.007621314423439491,0.012021972280074364,0.03018230469718916,0.014826394525677236,0.014822799896200991,0.07501737095552158,0.014629009920506931,0.007424076643602213,0.0024645589752718853,0.04033293898295148,0.006509031412760131,0.008021594213237624,0.016640407933149633,0.046742310842785045,0.013938192271106532,0.008706509086059586,0.04792964899460567,0.004852969822311798,0.023252828041225124,0.025594377002933343,0.016106775681388234,0.04488459932294205,0.049288081429108926,0.01961404974932074,0.007719429879186551,0.005506664007961799,0.018009242252296494,0.17911351191781905,0.019307294036701256,0.005536572898434386,0.002136166763949715,0.004938586824824803,0.07407595943587975
doc_30.txt,0.03445997128724807,0.02036797108031895,0.049935372974524495,0.04781044950634074,0.014298749448211603,0.04892226061617383,0.050075813908885006,0.004842381442304002,0.03174017138376098,0.013957106845222136,0.03037144856807828,0.0825179740320444,0.048724252452803124,0.03518069643759995,0.029435910700303356,0.05814086839696872,0.020309950058937355,0.023707074717389746,0.032890077101858796,0.03743915588873521,1.0,0.029865357055639224,0.02895717631521186,0.05282616788410663,0.032733600754060746,0.11881088748568909,0.030728555208803222,0.027161074493979604,0.07537878833195986,0.033613932364778006,0.008547850295839982,0.06769281298397495,0.08530276748232818,0.089365744155382,0.09635734078978611,0.07000128133535505,0.04133141373496495,0.06711108357474875,0.006294022882557699,0.04926889363264409,0.07260097578723959,0.017661662220397077,0.02744645826932738,0.014836729662263728,0.03042058200047934,0.06441902633554973,0.006043875241068388,0.06312847454712064,0.0318579073645435,0.03817932224813827,0.08934031116609852,0.0688056569642149,0.02847896200738452,0.06937995932158456,0.019969091100092425,0.04444438081631363,0.04285722118633215,0.010257647288334221
doc_31.txt,0.01485725539383479,0.01560237862255587,0.042681561330103424,0.01700130983545949,0.020374317035920353,0.07082340004032538,0.04797630855177527,0.009529580463512143,0.03859374536513688,0.02662703490387656,0.018400079218395718,0.05380576781632849,0.04124323658648357,0.06458866000550079,0.03783473528754059,0.06587656182161804,0.033039815986490514,0.018045297287057505,0.11472229178201791,0.02418650523036943,0.029865357055639224,0.9999999999999999,0.07691428037793188,0.03783847535705416,0.015933428198730396,0.07658307265037487,0.023792606556504163,0.01577882317000673,0.013967540938811585,0.03494244600285528,0.01810328837656567,0.05015701668537363,0.02732446095999454,0.053933097614286774,0.04796263673977192,0.08448524757693138,0.04383592627728783,0.06725227493456172,0.011087935871821044,0.20017305079940023,0.0083087459031188,0.03499891182715981,0.02090562417733933,0.0651866904962381,0.03786195651268939,0.02691410083420665,0.008023725441168314,0.015475351072567568,0.03133731881640988,0.07145166542187893,0.03714540910865674,0.0376097749237304,0.031490057881264605,0.04827557794580703,0.04508221947736342,0.0740845800130926,0.037461442878386556,0.03620849738470067
doc_32.txt,0.034196017962267,0.004475583561711944,0.04732115292084681,0.016640004705868964,0.01417570086923902,0.03024553840712368,0.034264381551062574,0.007269654419506758,0.02422557984760154,0.014270184964982632,0.0031624647088788834,0.05463284480974439,0.02156428171443168,0.023846379646266576,0.027893485129169785,0.060811214497352974,0.019288631101053035,0.021388577389632422,0.04292859339559937,0.010125379962659043,0.02895717631521186,0.07691428037793188,0.9999999999999991,0.06225511160568996,0.03249563038681183,0.1175394972696435,0.03917130877276777,0.016047616018792107,0.03169086746386522,0.04061984763662324,0.03304669133541088,0.04035296498758684,0.049329629668188456,0.040686949012943605,0.02363171511492594,0.07344638105887129,0.1155951624573372,0.08557804477815287,0.031105571786304718,0.046381982063386354,0.032977294970058885,0.01953340570706123,0.034640264044587664,0.02019116989027895,0.024384186927024924,0.03800123978870852,0.046187349247655156,0.0369031988418676,0.03859915909250108,0.04365413925897984,0.02567999749766224,0.05742395900987069,0.007215250909012906,0.03868586849058192,0.07106421968084724,0.09731945857172668,0.0328614905105131,0.013587734405142292
doc_33.txt,0.023489848933068807,0.022348640226407642,0.051375856629063014,0.030556261332728596,0.02287043663070786,0.05724598044724168,0.043613582085684416,0.006956188026917715,0.022327677391194532,0.021298832814676854,0.017523987144203276,0.06721042899455072,0.06132352541722213,0.029959975799273102,0.027701959858848425,0.05696144701074879,0.01875838216490873,0.03184668172783646,0.054300435523512956,0.01474908426327361,0.05282616788410663,0.03783847535705416,0.06225511160568996,1.0,0.02256599352089029,0.05198168264353213,0.030685872670446538,0.011550549554121808,0.06575988947442178,0.04039022121949687,0.023339320470063808,0.05568489734223136,0.09343002559915617,0.11219635073864288,0.05409599082346773,0.0839637876317768,0.07567527093189748,0.08784202690836576,0.005565632353154808,0.029043471731981158,0.03214067037331559,0.02366522953661431,0.03945609324047481,0.0529077832600201,0.025289260081399003,0.335005009160318,0.002925665475260215,0.038329395297372316,0.024010736431098006,0.030821937223371284,0.017153001123320626,0.06829324251931057,0.02105734670646637,0.0321022577835415,0.023019717799079166,0.057570038003991665,0.03450014055168704,0.021692619313778794
doc_34.txt,0.03818555120015406,0.01841400802324923,0.0277174297857093,0.031090381381684247,0.03292999673655629,0.07141341150789784,0.03510546731179207,0.014053243905715123,0.019343674781553865,0.013041052749544334,0.027163075957842252,0.07859256920443743,0.03886589387258169,0.010456914314117594,0.031213114630940644,0.03802379198883148,0.014324362482202166,0.07350075723836338,0.03193901846338698,0.02281685397508959,0.032733600754060746,0.015933428198730396,0.03249563038681183,0.02256599352089029,1.0000000000000002,0.045947748728736734,0.022243111497311053,0.017768474565909884,0.0838258215422671,0.07447748216007248,0.015660759458130436,0.033982729752388044,0.024065280256721316,0.02647011893354414,0.04612520332381794,0.02894230690136198,0.02215018870086449,0.04281335825446422,0.01963126856789765,0.03189955016607607,0.2954847933423749,0.09181404173177998,0.041008184360711256,0.009694506533804331,0.027350283262779815,0.02520324040542755,0.01348539023300098,0.026461659999314126,0.01695454890295044,0.0223243230906172,0.02308050086494092,0.08566582273830373,0.018325745362100465,0.009036123478087195,0.01582412234157488,0.0262345759402023,0.02129194148610052,0.013746539108100801
doc_35.txt,0.02536721301313904,0.0137882172169588,0.024609903820274042,0.01795570395405458,0.02432055695142446,0.024118232089269005,0.033841429230951965,0.0030415391224765873,0.006461198716349342,0.0016687058472392273,0.007077029474422124,0.05508363423302125,0.03327265616265367,0.005484577482198434,0.015349448303972512,0.06316159473522442,0.047314976459798146,0.07199533649350237,0.07694464280751198,0.007621314423439491,0.11881088748568909,0.07658307265037487,0.1175394972696435,0.05198168264353213,0.045947748728736734,1.0,0.0632931679989284,0.03405724025919375,0.10293845040970392,0.16197878657712225,0.0030251911183750667,0.05483910118737002,0.0675989774008886,0.09332725312032715,0.07545104879234116,0.06461577813046368,0.0277099379316121,0.11330347764610775,0.006631790950327703,0.06417025484889692,0.08115551978986212,0.02568385183699752,0.031684646958846374,0.02565994960196392,0.09801872285828908,0.05071515816618856,0.0026049747376406356,0.07960020702890518,0.08615878324275023,0.05177883648622333,0.02966360953768803,0.07598298815261663,0.008329865439433015,0.07797483563312367,0.060362843693176675,0.05224806169778522,0.049184646603921765,0.01553692387611056
doc_36.txt,0.044519535493398,0.01008970993751288,0.0891814478129965,0.03373233461777627,0.011469446240440596,0.04284673270019311,0.016434273834784886,0.014307240685920663,0.010191988881223538,0.007849504881927934,0.011163409280833158,0.07809199048819623,0.03708371802020875,0.008350202815954848,0.015267933983847348,0.07399907372838889,0.008996251946974378,0.015847635884185016,0.025701820346950927,0.012021972280074364,0.030728555208803222,0.023792606556504163,0.03917130877276777,0.030685872670446538,0.022243111497311053,0.0632931679989284,1.0000000000000002,0.005330131937748951,0.07448771055110759,0.03218348525136567,0.014230340531098904,0.04166589195963479,0.0792987678259708,0.04046616118114458,0.052642386730084575,0.010014543507128007,0.017805839970108442,0.035822932285978375,0.012760826933999748,0.0493372853741073,0.019216699012935486,0.0043688531744282165,0.025907730290808027,0.017357123729837044,0.003990698328638084,0.04100946431959591,0.012253664691256818,0.03728255949899752,0.010911864823660989,0.0052268381700898755,0.01946855413570914,0.08032731245688504,0.01598873181583156,0.008575040784634929,0.01923167513122209,0.014378192021121011,0.024456712425818247,0.007836868868319264
doc_37.txt,0.015291581245034673,0.002546376431849491,0.016782805415863234,0.02195778980190698,0.005130228671052126,0.016325040475930967,0.021330104782826508,0.01994298037497865,0.025587957343181464,0.01758766618692935,0.014890447642288654,0.015983991881921625,0.011937292981366464,0.013037000445011014,0.015698406277534643,0.0071072221485335395,0.034856485450510635,0.03504654214479405,0.008985008854534701,0.03018230469718916,0.027161074493979604,0.01577882317000673,0.016047616018792107,0.011550549554121808,0.017768474565909884,0.03405724025919375,0.005330131937748951,1.0000000000000002,0.00771168778889866,0.06350494830589572,0.028208444844684905,0.044509644371345344,0.02525038433986741,0.00969168407033259,0.019381097275684774,0.040478078682483584,0.004101227336881199,0.042654489331220194,0.017019859366266134,0.021361831827117855,0.024179363424716202,0.042349289833472775,0.009894921750285673,0.002968764614883293,0.017968160225745135,0.015588823883579864,0.026601074753532985,0.053920044983394866,0.03280480145729745,0.025899531732055024,0.05202957649968052,0.034321151900132595,0.007315533341304978,0.048515952327093756,0.0280014569679198,0.07205622142615677,0.01266043504192288,0.00584153779960229
doc_38.txt,0.05174698695151799,0.02074740555325581,0.025210660403140815,0.03262179965696776,0.011837693794521487,0.04629885752452186,0.03271412637262965,0.0029603903852180344,0.018662659349517125,0.006316900520839554,0.01929624128529131,0.07815355606932793,0.11935655150486947,0.021831355067572,0.02691958742082868,0.07933710935156105,0.007768284520560663,0.027996252919326982,0.018990345700282393,0.014826394525677236,0.07537878833195986,0.013967540938811585,0.03169086746386522,0.06575988947442178,0.0838258215422671,0.10293845040970392,0.07448771055110759,0.00771168778889866,0.9999999999999999,0.04330803941490182,0.011451887331082773,0.031246868867919938,0.03432015559721717,0.059293693687088436,0.04527816711748689,0.018536915688159947,0.04689247713584253,0.02656445395154701,0.0026404133537796326,0.05865084407715016,0.18274538954474415,0.026344996419510564,0.017753517777799627,0.025473228407780917,0.06430951213199061,0.08976333265809763,0.0025354736061286914,0.03268954389328921,0.008701154660715263,0.032251409193046685,0.01154877011467598,0.04442347324901549,0.027724759005710076,0.02765962943762161,0.03833280122721039,0.040680930324478684,0.029843894221130467,0.008088485880327716
doc_39.txt,0.025174518305152768,0.018344517895010775,0.018671660367523633,0.013220938795686801,0.017620623266472984,0.012735020377237536,0.022218261510063224,0.006667416715698543,0.014911203713108157,0.01403723179872943,0.015707394544825143,0.028888045764823123,0.04675603227322472,0.019115503507155532,0.014171089535256722,0.025517439425709013,0.04826777718833875,0.17322259135804594,0.021313395732251855,0.014822799896200991,0.033613932364778006,0.03494244600285528,0.04061984763662324,0.04039022121949687,0.07447748216007248,0.16197878657712225,0.03218348525136567,0.06350494830589572,0.04330803941490182,0.9999999999999997,0.01640262767969676,0.037234150091414155,0.06930518949080021,0.03146438903728619,0.027826823874497496,0.05080870801694494,0.01539099064046637,0.05057606448626962,0.009907466950622796,0.028202623271035888,0.026370980026347347,0.05317988477505019,0.03681345612236191,0.04115054609415331,0.06971597590144427,0.04014805454617897,0.027922533116508955,0.032088502357339996,0.10903402474569965,0.020414554578656638,0.05270631463632421,0.09197556722250762,0.01129129074156048,0.01800366950207142,0.056412849442949886,0.05314298645920679,0.021185014218177506,0.016791438161440433
doc_4.txt,0.024214715356287567,0.09245183008438893,0.06967831746315467,0.06983825030626636,0.17291041390116635,0.03774497678971116,0.02928144031288662,0.1133093897578522,0.13684880642123937,0.3582248850849962,0.10103402369348706,0.03980206541231704,0.09333497110200056,0.02991097415645589,0.02259755338415132,0.07404348361093815,0.015510129421350211,0.015803916181075992,0.02979131396081263,0.07501737095552158,0.008547850295839982,0.01810328837656567,0.03304669133541088,0.023339320470063808,0.015660759458130436,0.0030251911183750667,0.014230340531098904,0.028208444844684905,0.011451887331082773,0.01640262767969676,1.0,0.021916535843820827,0.018866571282838165,0.007131703364087347,0.0016294845338463274,0.026565873700180563,0.017389090863355758,0.041087261162711726,0.13778895696918692,0.022540963730270768,0.024340358420805504,0.030891871893280787,0.005744432905830677,0.009393435637651593,0.01725128241739258,0.0072553158500223,0.033881394264785175,0.010081586804023029,0.021001039238273112,0.021678245378639948,0.013415462862369224,0.027549260027230765,0.22941645787732973,0.002870983155082627,0.01654685488463228,0.09312511950848908,0.06387688290790182,0.32443591911452535
doc_40.txt,0.038010856140619574,0.012863237755101821,0.07294674718435001,0.031871810922748434,0.030377997777715136,0.08583858739451837,0.09329180886849847,0.00940813191086216,0.014556499652611328,0.028729222339992363,0.015369640699172644,0.11658751439539111,0.08364535519072158,0.04029868465453407,0.07823259952914688,0.13107417508546745,0.04303222434222876,0.029372628062600114,0.14043312445944636,0.014629009920506931,0.06769281298397495,0.05015701668537363,0.04035296498758684,0.05568489734223136,0.033982729752388044,0.05483910118737002,0.04166589195963479,0.044509644371345344,0.031246868867919938,0.037234150091414155,0.021916535843820827,1.0000000000000009,0.06851817270162872,0.10155069753154924,0.05788357221886653,0.1399073393706272,0.02816257690696754,0.1588094648704713,0.027664263476301132,0.02126094050616029,0.03924704939862272,0.07097670076287002,0.011317240606959312,0.032126792429628355,0.020882299892600806,0.041152087808057305,0.028274294984040153,0.04765400143187826,0.02557422703066193,0.12109144893057505,0.04519750337209118,0.08151112709890841,0.04251791916018336,0.02681169633770412,0.025480041628034963,0.12210885502459458,0.073292183220334,0.03676096155426178
doc_41.txt,0.014051000835459179,0.00547169276719477,0.06524695025159113,0.019607216600777105,0.01078183650849938,0.052241955063016654,0.0553963504378388,0.0040235130497499145,0.006293984451316425,0.01596633003715847,0.006893877657842428,0.10570110754064828,0.04938510650111216,0.027958134514054184,0.020387742592934407,0.06022530468837646,0.036500221105919356,0.023212064282502918,0.043514214476315066,0.007424076643602213,0.08530276748232818,0.02732446095999454,0.049329629668188456,0.09343002559915617,0.024065280256721316,0.0675989774008886,0.0792987678259708,0.02525038433986741,0.03432015559721717,0.06930518949080021,0.018866571282838165,0.06851817270162872,0.9999999999999998,0.08903551613568156,0.07632394246325866,0.07313324189226025,0.0466968969490971,0.07050343558580609,0.007176047911386879,0.038135542574521,0.03975352122564727,0.040984190447911566,0.019215472724028612,0.052637987817896296,0.027985866716716688,0.061231543876175916,0.02378847031010515,0.04699983938620298,0.08639343349427404,0.051513428165227575,0.10306331262168375,0.12237408886248455,0.015334011874214114,0.038657735548412245,0.024396657877924176,0.064282262587849,0.025305518004952947,0.015368530453399249
